              -141.031418,64.715787,0
              -141.0059476,62.0698146,0
              -139.996737,62.05394,0
              -139.40071,62.334353,0
              -138.023921,61.867433,0
              -137.381581,61.877953,0
              -136.753195,62.085699,0
              -137.6770901,62.6255667,0
              -137.471766,62.807034,0
              -138.676846,63.2453805,0
              -138.028185,63.530898,0
              -137.958615,63.633186,0
              -138.2593655,63.9729526,0
              -140.767979,64.700623,0
              -141.031418,64.715787,0
