              -141.0059476,62.0698146,0
              -141.018225,60.323634,0
              -139.985511,60.187367,0
              -139.073645,60.345384,0
              -139.216468,60.088904,0
              -137.590491,59.228752,0
              -137.491614,58.906863,0
              -136.579749,59.172499,0
              -136.250159,59.542064,0
              -135.7282524,59.7470211,0
              -135.712455,59.854165,0
              -136.493061,59.726856,0
              -136.788912,59.538547,0
              -138.086275,60.10125,0
              -137.793682,60.6317517,0
              -138.578943,60.812222,0
              -138.559171,60.995652,0
              -138.655459,61.145864,0
              -140.418952,62.047067,0
              -141.0059476,62.0698146,0
