              -135.670464,59.844783,0
              -135.7282524,59.7470211,0
              -135.096595,59.525353,0
              -135.01969,59.301744,0
              -133.481604,58.398205,0
              -132.3115043,57.2867992,0
              -132.371985,57.102784,0
              -131.833655,56.604202,0
              -131.4765434,56.555282,0
              -130.438391,56.129577,0
              -130.092266,56.0309673,0
              -130.175499,55.768381,0
              -130.008805,55.354636,0
              -130.579458,54.833925,0
              -130.614173,54.686616,0
              -129.568554,55.132489,0
              -129.616589,55.723643,0
              -129.145619,55.597974,0
              -129.584121,56.545619,0
              -131.071506,56.852453,0
              -131.186945,57.333186,0
              -132.011667,57.572434,0
              -132.281499,57.80401,0
              -132.201641,58.1550911,0
              -132.665604,58.435654,0
              -135.412365,59.771063,0
              -135.670464,59.844783,0
