              -140.897416,69.636754,0
              -140.9895987,65.6430853,0
              -138.471003,65.621919,0
              -138.743342,67.412508,0
              -138.001857,67.425083,0
              -137.603186,66.964931,0
              -136.623958,67.02534,0
              -136.124804,65.986914,0
              -135.5623526,65.7876719,0
              -134.997443,65.949651,0
              -135.683849,67.202248,0
              -136.027449,67.324194,0
              -135.1009268,68.1905293,0
              -139.101111,69.676611,0
              -140.897416,69.636754,0
