              -140.9895987,65.6430853,0
              -141.002296,64.703639,0
              -140.413301,64.693983,0
              -140.242485,64.86839,0
              -139.205118,64.933234,0
              -138.847257,64.6151597,0
              -138.4187902,64.568021,0
              -138.124147,64.778654,0
              -136.9246496,64.7091926,0
              -135.5293859,65.142184,0
              -135.39755,65.4863043,0
              -136.2654699,65.8169517,0
              -137.322953,65.830675,0
              -138.126587,65.621383,0
              -140.9895987,65.6430853,0
