imgx|imgy|lon|lat
255|0|-150|72
111|0|-170|70.7
397|0|-130|71
0|0|-182.5|68.5
105|12|-170|70
177|30|-160|70
254|37|-150|70
330|33|-140|70
402|19|-130|70
28|1|-180|69
0|55|-180|66.3
503|57|-120|66.3
0|95|-177|65
-16|90|-180|65
68|120|-170|65
159|141|-160|65
253|149|-150|65
344|144|-140|65
435|124|-130|65
518|94|-120|65
1|218|-173|60
29|227|-170|60
139|252|-160|60
250|263|-150|60
360|256|-140|60
468|234|-130|60
499|224|-127|60
-10|332|-170|55
122|362|-160|55
249|371|-150|55
376|363|-140|55
501|335|-130|55
120|381|-160|54
0|381|-168|53
500|0|-118|68.5
500|381|-132|53
